==============================
D) Robustness suite (vis_noise, pose_noise, label_flip)
==============================
0    vis_noise   0.00  0.985841  0.049343
1    vis_noise   0.05  0.984352  0.051412
2    vis_noise   0.10  0.981872  0.054599
3    vis_noise   0.20  0.974161  0.063946
4    vis_noise   0.30  0.962392  0.075907
5   pose_noise   0.00  0.985841  0.049343
6   pose_noise   0.05  0.985976  0.049089
7   pose_noise   0.10  0.986201  0.048841
8   pose_noise   0.20  0.986607  0.048375
9   pose_noise   0.30  0.986878  0.047966
10  label_flip   0.00  0.985841  0.049343
11  label_flip   0.02  0.968486  0.061701
12  label_flip   0.05  0.926379  0.100732
13  label_flip   0.10  0.883969  0.129438
14  label_flip   0.15  0.839764  0.157660